             0	             0	             0	             0	             0
     0.0060241	     0.0799764	     0.0271528	     -0.020729	   -0.00343353
     0.0120482	      0.133327	     0.0630456	    -0.0406961	    -0.0107426
     0.0180723	      0.183628	      0.109694	    -0.0628147	    -0.0190863
     0.0240964	      0.231718	      0.166932	    -0.0871613	    -0.0292386
     0.0301205	      0.275701	      0.233928	     -0.113125	    -0.0416109
     0.0361446	      0.316498	      0.310247	      -0.14073	    -0.0569014
     0.0421687	      0.352295	       0.39477	     -0.169351	    -0.0754584
     0.0481928	      0.384121	       0.48683	     -0.198986	    -0.0978829
     0.0542169	      0.410257	      0.585089	     -0.228973	     -0.124387
      0.060241	      0.431854	       0.68866	     -0.259308	     -0.155448
     0.0662651	       0.44733	      0.796032	     -0.289324	     -0.191142
     0.0722892	      0.457967	       0.90622	     -0.319007	     -0.231809
     0.0783133	      0.462304	       1.01756	     -0.347681	     -0.277338
     0.0843373	      0.461755	       1.12899	     -0.375338	     -0.327897
     0.0903614	      0.455018	       1.23883	     -0.401313	     -0.383225
     0.0963855	      0.443637	       1.34599	     -0.425629	     -0.443281
       0.10241	      0.426427	        1.4488	      -0.44762	      -0.50768
      0.108434	      0.405098	       1.54631	     -0.467339	     -0.576192
      0.114458	      0.378564	       1.63687	     -0.484138	     -0.648246
      0.120482	      0.348642	       1.71969	     -0.498103	     -0.723476
      0.126506	      0.314378	       1.79329	     -0.508633	     -0.801153
       0.13253	      0.277678	       1.85703	     -0.515848	     -0.880788
      0.138554	      0.237667	       1.90971	      -0.51919	     -0.961527
      0.144578	      0.196316	       1.95087	     -0.518807	      -1.04276
      0.150602	      0.152821	       1.97962	     -0.514202	      -1.12357
      0.156627	        0.1092	       1.99578	     -0.505578	      -1.20328
      0.162651	     0.0646771	        1.9987	     -0.492497	      -1.28086
      0.168675	      0.021264	       1.98857	     -0.475198	      -1.35569
      0.174699	    -0.0217865	       1.96504	     -0.453303	       -1.4267
      0.180723	    -0.0624892	       1.92862	     -0.427094	      -1.49328
      0.186747	     -0.101641	       1.87922	     -0.396282	      -1.55443
      0.192771	     -0.137298	       1.81771	     -0.361191	      -1.60953
      0.198795	     -0.170296	       1.74432	     -0.321573	      -1.65771
      0.204819	     -0.198802	       1.66016	     -0.277865	      -1.69845
      0.210843	     -0.223739	       1.56574	     -0.229794	      -1.73099
      0.216867	     -0.243337	       1.46245	     -0.177886	      -1.75496
      0.222892	     -0.258666	       1.35099	     -0.121958	      -1.76977
      0.228916	      -0.26806	       1.23295	    -0.0625454	      -1.77519
       0.23494	     -0.272719	       1.10924	   0.000477822	      -1.77085
      0.240964	     -0.271121	      0.981545	     0.0665307	      -1.75668
      0.246988	     -0.264584	      0.850895	      0.135667	      -1.73252
      0.253012	     -0.251744	      0.719064	      0.207306	      -1.69854
      0.259036	      -0.23405	      0.587127	      0.281466	      -1.65476
       0.26506	     -0.210282	      0.456816	      0.357506	      -1.60157
      0.271084	     -0.182024	      0.329219	      0.435425	      -1.53919
      0.277108	     -0.148191	      0.205991	      0.514559	      -1.46822
      0.283133	     -0.110491	     0.0880765	      0.594872	      -1.38907
      0.289157	     -0.067943	     -0.022961	      0.675693	      -1.30255
      0.295181	    -0.0223935	     -0.126342	      0.756987	      -1.20922
      0.301205	     0.0270529	       -0.2207	      0.838051	      -1.11006
      0.307229	     0.0784775	     -0.305475	      0.918825	      -1.00577
      0.313253	      0.132689	     -0.379566	      0.998654	     -0.897434
      0.319277	      0.187696	     -0.442652	       1.07745	     -0.785894
      0.325301	      0.244277	     -0.493919	       1.15455	     -0.672296
      0.331325	      0.300404	     -0.533339	       1.22991	      -0.55753
      0.337349	      0.356851	     -0.560405	       1.30285	     -0.442795
      0.343373	      0.411574	     -0.575372	       1.37335	      -0.32898
      0.349398	      0.465359	     -0.578102	       1.44077	     -0.217296
      0.355422	      0.516215	     -0.569124	       1.50509	     -0.108582
      0.361446	       0.56497	     -0.548579	       1.56568	   -0.00399147
       0.36747	      0.609664	     -0.517317	       1.62259	      0.095731
      0.373494	      0.651225	     -0.475755	       1.67522	      0.189522
      0.379518	      0.687759	     -0.425016	       1.72362	      0.276758
      0.385542	      0.720304	     -0.365741	       1.76726	      0.356557
      0.391566	       0.74708	     -0.299283	       1.80622	      0.428438
       0.39759	      0.769222	     -0.226463	          1.84	      0.491675
      0.403614	      0.785076	     -0.148814	       1.86874	      0.546017
      0.409639	      0.795879	    -0.0672593	       1.89198	      0.590938
      0.415663	      0.800179	     0.0165424	       1.90991	      0.626396
      0.421687	      0.799316	      0.101617	        1.9221	       0.65209
      0.427711	       0.79192	      0.186271	       1.92881	      0.668214
      0.433735	      0.779542	      0.269521	       1.92967	       0.67468
      0.439759	      0.760921	      0.349748	       1.92494	      0.671917
      0.445783	      0.737713	      0.426001	       1.91432	      0.660069
      0.451807	       0.70882	      0.496785	       1.89815	      0.639764
      0.457831	       0.67597	      0.561315	       1.87614	      0.611372
      0.463855	      0.638203	      0.618227	       1.84869	      0.575688
       0.46988	      0.597345	      0.666944	       1.81557	      0.533268
      0.475904	      0.552492	      0.706334	        1.7772	      0.485086
      0.481928	      0.505562	      0.736051	       1.73341	      0.431825
      0.487952	      0.455722	      0.755236	       1.68468	      0.374585
      0.493976	      0.404915	      0.763836	       1.63082	       0.31417
           0.5	       0.35236	       0.76126	       1.57243	      0.251724
      0.506024	      0.299993	      0.747759	       1.50935	      0.188121
      0.512048	      0.247051	      0.723055	       1.44216	      0.124568
      0.518072	      0.195455	      0.687698	       1.37079	     0.0618922
      0.524096	      0.144396	      0.641706	       1.29583	    0.00129688
       0.53012	     0.0957674	      0.585941	       1.21725	    -0.0564045
      0.536145	     0.0487101	      0.520665	       1.13568	     -0.110112
      0.542169	    0.00503024	      0.447041	        1.0511	     -0.159087
      0.548193	    -0.0362131	      0.365585	      0.964185	     -0.202347
      0.554217	    -0.0732879	      0.277654	      0.874935	     -0.239283
      0.560241	      -0.10725	      0.183989	      0.783999	     -0.269064
      0.566265	     -0.136462	     0.0861382	      0.691446	     -0.291266
      0.572289	     -0.162095	    -0.0150447	      0.597928	     -0.305231
      0.578313	     -0.182658	     -0.117893	      0.503495	     -0.310718
      0.584337	     -0.199427	     -0.221452	       0.40885	     -0.307307
      0.590361	      -0.21104	     -0.323999	      0.314018	     -0.294947
      0.596386	     -0.218898	     -0.424591	      0.219709	     -0.273424
       0.60241	     -0.221764	     -0.521531	      0.125929	     -0.242968
      0.608434	     -0.221139	     -0.613903	      0.033405	     -0.203571
      0.614458	     -0.215918	     -0.700117	    -0.0578727	     -0.155644
      0.620482	     -0.207729	     -0.779376	     -0.147197	    -0.0994225
      0.626506	      -0.19554	     -0.850236	     -0.234583	    -0.0355248
       0.63253	     -0.181083	     -0.912083	     -0.319352	     0.0356436
      0.638554	     -0.163411	       -0.9637	     -0.401538	      0.113256
      0.644578	     -0.144307	      -1.00468	     -0.480474	      0.196734
      0.650602	     -0.122907	      -1.03409	     -0.556245	      0.285134
      0.656626	     -0.101024	      -1.05178	      -0.62822	      0.377728
      0.662651	    -0.0778222	      -1.05709	     -0.696487	      0.473465
      0.668675	    -0.0551531	      -1.05017	     -0.760467	      0.571536
      0.674699	    -0.0321736	      -1.03069	     -0.820292	      0.670808
      0.680723	    -0.0107041	     -0.999089	     -0.875425	      0.770461
      0.686747	     0.0100869	     -0.955317	     -0.926031	      0.869322
      0.692771	     0.0284283	     -0.900142	     -0.971637	      0.966578
      0.698795	     0.0452117	     -0.833821	      -1.01247	        1.0611
      0.704819	     0.0587177	     -0.757353	      -1.04805	       1.15213
      0.710843	     0.0699261	     -0.671267	      -1.07869	       1.23861
      0.716867	     0.0772056	     -0.576832	      -1.10399	       1.31986
      0.722892	     0.0816239	     -0.474766	      -1.12427	       1.39495
      0.728916	     0.0816377	     -0.366537	      -1.13921	       1.46335
       0.73494	     0.0784459	     -0.253051	      -1.14917	       1.52425
      0.740964	     0.0706215	     -0.135911	       -1.1539	        1.5773
      0.746988	     0.0594798	    -0.0160805	      -1.15381	       1.62188
      0.753012	     0.0436832	      0.104731	      -1.14868	       1.65783
      0.759036	     0.0247129	      0.225524	      -1.13901	       1.68467
       0.76506	    0.00135481	      0.344593	      -1.12459	       1.70248
      0.771084	     -0.024831	      0.460988	      -1.10599	       1.71101
      0.777108	    -0.0549111	      0.573022	      -1.08305	       1.71052
      0.783133	    -0.0872238	      0.679869	      -1.05636	       1.70093
      0.789157	     -0.122763	      0.780004	      -1.02584	       1.68271
      0.795181	     -0.159748	       0.87272	     -0.992104	       1.65599
      0.801205	      -0.19909	      0.956699	     -0.955079	        1.6214
      0.807229	     -0.238951	       1.03146	     -0.915452	       1.57925
      0.813253	     -0.280188	       1.09593	     -0.873164	        1.5303
      0.819277	     -0.320895	       1.14987	     -0.828916	       1.47501
      0.825301	     -0.361908	       1.19248	     -0.782675	       1.41422
      0.831325	     -0.401327	        1.2238	     -0.735158	       1.34854
      0.837349	     -0.439982	       1.24336	      -0.68637	       1.27886
      0.843373	     -0.475956	       1.25149	     -0.636996	       1.20586
      0.849398	     -0.510133	         1.248	     -0.587063	       1.13046
      0.855422	      -0.54063	       1.23357	     -0.537246	       1.05334
      0.861446	     -0.568375	       1.20832	     -0.487585	      0.975444
       0.86747	     -0.591573	       1.17313	     -0.438744	      0.897379
      0.873494	     -0.611216	       1.12843	     -0.390708	      0.820065
      0.879518	     -0.625604	       1.07539	     -0.344158	      0.744032
      0.885542	     -0.635823	       1.01465	     -0.299046	      0.670137
      0.891566	     -0.640296	      0.947574	     -0.256009	      0.598764
       0.89759	     -0.640211	      0.874971	      -0.21499	      0.530679
      0.903614	     -0.634136	      0.798397	     -0.176571	      0.466129
      0.909639	     -0.623362	      0.718754	     -0.140651	      0.405731
      0.915663	     -0.606588	      0.637708	      -0.10778	      0.349589
      0.921687	     -0.585244	      0.556214	    -0.0778131	      0.298128
      0.927711	     -0.558158	      0.475933	      -0.05124	      0.251297
      0.933735	     -0.526897	      0.397829	    -0.0278653	      0.209369
      0.939759	     -0.490394	      0.323501	     -0.008125	      0.172112
      0.945783	     -0.450336	      0.253843	    0.00823011	      0.139617
      0.951807	     -0.405782	      0.190332	     0.0208217	      0.111525
      0.957831	     -0.358517	      0.133724	     0.0299509	     0.0877242
      0.963855	     -0.307684	     0.0852964	     0.0353041	     0.0677239
      0.969879	     -0.255144	     0.0456152	     0.0372392	     0.0512871
      0.975904	     -0.200128	     0.0157305	     0.0354916	     0.0377962
      0.981928	      -0.14455	   -0.00403377	     0.0304962	     0.0268852
      0.987952	    -0.0876624	    -0.0129206	     0.0220209	     0.0178497
      0.993976	             0	             0	             0	             0
