             0	             0	             0	             0	             0
     0.0060241	      0.139716	     0.0599479	     -0.216853	    -0.0713413
     0.0120482	      0.223167	     0.0963625	     -0.358243	     -0.108714
     0.0180723	       0.29916	      0.136062	     -0.497991	      -0.14499
     0.0240964	      0.369245	      0.171779	      -0.63857	      -0.17856
     0.0301205	      0.432306	      0.205289	     -0.775552	     -0.207836
     0.0361446	      0.489965	      0.236829	     -0.911437	     -0.234607
     0.0421687	      0.540677	      0.265593	      -1.04192	     -0.257433
     0.0481928	      0.585982	      0.291863	       -1.1696	     -0.277377
     0.0542169	      0.625113	      0.314883	      -1.29003	     -0.292587
      0.060241	      0.659867	      0.334989	      -1.40577	      -0.30517
     0.0662651	      0.689473	      0.351482	      -1.51251	     -0.313815
     0.0722892	      0.715856	      0.364757	      -1.61292	     -0.320274
     0.0783133	      0.738351	      0.374177	      -1.70275	     -0.323222
     0.0843373	      0.758968	      0.380205	      -1.78491	     -0.324462
     0.0903614	      0.777101	       0.38227	      -1.85533	      -0.32271
     0.0963855	      0.794796	      0.380904	        -1.917	     -0.319804
       0.10241	      0.811456	      0.375605	        -1.966	     -0.314491
      0.108434	      0.829111	      0.366974	      -2.00547	     -0.308629
      0.114458	      0.847124	      0.354573	      -2.03169	     -0.300982
      0.120482	       0.86746	      0.339064	        -2.048	     -0.293418
      0.126506	      0.889392	       0.32007	      -2.05085	     -0.284702
       0.13253	      0.914774	      0.298304	      -2.04379	     -0.276698
      0.138554	      0.942745	      0.273436	      -2.02331	     -0.268161
      0.144578	      0.974998	      0.246219	      -1.99318	     -0.260938
      0.150602	        1.0105	      0.216357	      -1.95035	     -0.253761
      0.156627	       1.05075	      0.184631	      -1.89889	     -0.248449
      0.162651	       1.09451	      0.150761	      -1.83597	       -0.2437
      0.168675	       1.14308	      0.115542	      -1.76554	     -0.241294
      0.174699	       1.19499	     0.0787017	      -1.68521	     -0.239885
      0.180723	       1.25131	     0.0410338	      -1.59871	     -0.241204
      0.186747	       1.31036	    0.00226225	      -1.50353	     -0.243852
      0.192771	         1.373	    -0.0368303	      -1.40404	     -0.249505
      0.198795	       1.43735	    -0.0765352	      -1.29772	     -0.256704
      0.204819	        1.5041	      -0.11609	      -1.18903	     -0.267065
      0.210843	       1.57118	     -0.155811	      -1.07551	     -0.279068
      0.216867	       1.63912	     -0.194965	     -0.961658	     -0.294266
      0.222892	       1.70573	     -0.233902	     -0.845027	     -0.311078
      0.228916	        1.7714	     -0.271926	     -0.730121	     -0.330998
       0.23494	       1.83385	     -0.309424	     -0.614475	     -0.352388
      0.240964	       1.89341	     -0.345743	     -0.502554	     -0.376685
      0.246988	       1.94774	     -0.381316	     -0.391834	     -0.402201
      0.253012	       1.99715	      -0.41553	     -0.286708	     -0.430324
      0.259036	       2.03932	     -0.448864	      -0.18456	     -0.459322
       0.26506	        2.0746	      -0.48075	    -0.0896757	     -0.490547
      0.271084	       2.10075	     -0.511709	   0.000681621	      -0.52223
      0.277108	       2.11819	     -0.541213	     0.0823613	     -0.555694
      0.283133	       2.12482	     -0.569824	      0.158248	     -0.589148
      0.289157	       2.12122	      -0.59705	      0.224348	     -0.623895
      0.295181	       2.10546	     -0.623486	      0.283716	     -0.658132
      0.301205	       2.07831	      -0.64867	      0.332535	     -0.693153
      0.307229	       2.03806	     -0.673222	      0.374042	     -0.727152
      0.313253	       1.98574	     -0.696702	      0.404609	     -0.761428
      0.319277	       1.91987	     -0.719744	      0.427663	     -0.794181
      0.325301	       1.84175	      -0.74192	      0.439767	     -0.826725
      0.331325	       1.75018	      -0.76387	      0.444535	     -0.857278
      0.337349	       1.64675	     -0.785165	      0.438711	     -0.887178
      0.343373	       1.53053	      -0.80644	      0.426087	     -0.914671
      0.349398	       1.40342	     -0.827258	      0.403571	     -0.941126
      0.355422	       1.26476	     -0.848237	      0.375108	     -0.964825
      0.361446	       1.11672	     -0.868921	       0.33775	     -0.987175
       0.36747	       0.95892	     -0.889905	      0.295566	       -1.0065
      0.373494	      0.793759	     -0.910705	      0.245721	      -1.02425
      0.379518	      0.621099	     -0.931883	      0.192382	      -1.03879
      0.385542	      0.443538	     -0.952922	      0.132793	      -1.05161
      0.391566	      0.261118	     -0.974349	     0.0711867	      -1.06111
       0.39759	      0.076592	     -0.995607	    0.00485502	      -1.06884
      0.403614	     -0.109877	      -1.01718	    -0.0619393	      -1.07323
      0.409639	     -0.295447	      -1.03848	     -0.131889	      -1.07585
      0.415663	     -0.479898	      -1.05995	     -0.200731	      -1.07517
      0.421687	     -0.660364	      -1.08097	     -0.271177	      -1.07279
      0.427711	     -0.836635	      -1.10193	     -0.338998	      -1.06721
      0.433735	      -1.00589	      -1.12218	     -0.406949	      -1.06005
      0.439759	        -1.168	      -1.14211	     -0.470863	      -1.04982
      0.445783	      -1.32027	      -1.16101	      -0.53357	      -1.03815
      0.451807	       -1.4627	      -1.17926	     -0.590988	      -1.02358
      0.457831	      -1.59276	      -1.19614	     -0.646045	      -1.00774
      0.463855	      -1.71068	      -1.21199	     -0.694765	     -0.989162
       0.46988	      -1.81416	      -1.22611	     -0.740193	     -0.969495
      0.475904	      -1.90367	      -1.23884	     -0.778477	     -0.947272
      0.481928	       -1.9772	      -1.24946	     -0.812792	     -0.924135
      0.487952	      -2.03553	      -1.25832	     -0.839421	     -0.898618
      0.493976	      -2.07694	      -1.26473	     -0.861678	     -0.872356
           0.5	      -2.10255	      -1.26904	     -0.875984	     -0.843876
      0.506024	      -2.11097	      -1.27058	     -0.885789	     -0.814804
      0.512048	      -2.10366	      -1.26974	     -0.887649	     -0.783655
      0.518072	      -2.07958	      -1.26588	     -0.885141	      -0.75204
      0.524096	      -2.04051	      -1.25943	     -0.874941	      -0.71846
       0.53012	      -1.98575	      -1.24978	     -0.860734	     -0.684508
      0.536145	      -1.91741	      -1.23742	     -0.839296	     -0.648663
      0.542169	       -1.8351	      -1.22178	       -0.8144	     -0.612499
      0.548193	       -1.7412	       -1.2034	     -0.782896	     -0.574475
      0.554217	      -1.63558	      -1.18179	      -0.74862	     -0.536145
      0.560241	      -1.52088	      -1.15751	     -0.708473	      -0.49595
      0.566265	      -1.39718	      -1.13015	     -0.666328	     -0.455429
      0.572289	      -1.26729	      -1.10034	     -0.619115	     -0.413009
      0.578313	      -1.13145	       -1.0677	     -0.570725	     -0.370221
      0.584337	     -0.992565	      -1.03294	     -0.518091	     -0.325487
      0.590361	     -0.850964	     -0.995725	     -0.465101	     -0.280336
      0.596386	     -0.709607	     -0.956821	     -0.408674	     -0.233198
       0.60241	     -0.568811	     -0.915943	     -0.352675	     -0.185609
      0.608434	      -0.43151	     -0.873894	      -0.29399	     -0.136012
      0.614458	     -0.297953	      -0.83043	     -0.236441	    -0.0859599
      0.620482	     -0.170972	     -0.786386	     -0.176868	    -0.0339157
      0.626506	    -0.0506781	     -0.741546	     -0.119036	     0.0185427
       0.63253	     0.0602671	     -0.696764	    -0.0597215	     0.0729269
      0.638554	      0.161951	     -0.651835	   -0.00262499	       0.12763
      0.644578	      0.251941	     -0.607622	     0.0555477	      0.184134
      0.650602	      0.330579	     -0.563917	      0.111168	      0.240798
      0.656626	      0.395707	     -0.521577	      0.167604	      0.299072
      0.662651	      0.447964	     -0.480379	      0.221298	      0.357281
      0.668675	      0.485504	     -0.441157	      0.275686	       0.41684
      0.674699	      0.509288	     -0.403661	      0.327278	      0.476041
      0.680723	      0.517804	      -0.36869	      0.379571	      0.536263
      0.686747	      0.512349	     -0.335952	      0.429128	      0.595765
      0.692771	       0.49175	     -0.306199	      0.479493	      0.655895
      0.698795	      0.457638	     -0.279087	      0.527268	       0.71488
      0.704819	      0.409164	     -0.255309	      0.576027	      0.774041
      0.710843	      0.348276	      -0.23446	      0.622393	      0.831579
      0.716867	      0.274426	     -0.217169	      0.669951	      0.888791
      0.722892	      0.189842	      -0.20296	      0.715325	      0.943859
      0.728916	     0.0942365	     -0.192392	      0.762093	      0.998062
       0.73494	   -0.00992667	     -0.184919	      0.806862	       1.04957
      0.740964	     -0.122727	     -0.181025	      0.853184	       1.09966
      0.746988	     -0.241523	     -0.180093	       0.89763	       1.14649
      0.753012	     -0.366246	     -0.182535	      0.943712	       1.19134
      0.759036	      -0.49414	     -0.187665	      0.987951	       1.23239
       0.76506	     -0.625059	     -0.195827	        1.0338	       1.27091
      0.771084	     -0.756201	     -0.206272	       1.07772	       1.30511
      0.777108	     -0.887407	     -0.219283	        1.1231	        1.3363
      0.783133	       -1.0159	     -0.234057	       1.16633	       1.36269
      0.789157	      -1.14158	     -0.250832	       1.21071	       1.38565
      0.795181	      -1.26177	     -0.268761	       1.25257	       1.40343
      0.801205	      -1.37648	     -0.288048	       1.29513	       1.41743
      0.807229	      -1.48317	     -0.307821	       1.33463	       1.42596
      0.813253	      -1.58206	     -0.328266	       1.37423	       1.43047
      0.819277	      -1.67081	     -0.348502	       1.41009	       1.42934
      0.825301	      -1.74984	     -0.368713	       1.44531	       1.42408
      0.831325	      -1.81706	     -0.388022	         1.476	       1.41311
      0.837349	      -1.87316	     -0.406627	        1.5052	       1.39801
      0.843373	      -1.91631	      -0.42367	       1.52898	       1.37728
      0.849398	      -1.94748	     -0.439376	       1.55036	       1.35256
      0.855422	      -1.96513	     -0.452918	       1.56541	       1.32242
      0.861446	       -1.9705	     -0.464559	       1.57715	       1.28857
       0.86747	      -1.96234	     -0.473518	       1.58164	       1.24964
      0.873494	      -1.94218	     -0.480107	       1.58196	        1.2074
      0.879518	      -1.90904	     -0.483602	       1.57421	       1.16056
      0.885542	       -1.8647	     -0.484375	       1.56151	       1.11094
      0.891566	      -1.80845	     -0.481769	       1.54004	       1.05731
       0.89759	      -1.74229	     -0.476225	         1.513	       1.00155
      0.903614	      -1.66593	      -0.46716	       1.47668	      0.942462
      0.909639	      -1.58134	     -0.455094	       1.43435	      0.881978
      0.915663	      -1.48813	     -0.439518	       1.38241	      0.818935
      0.921687	      -1.38861	      -0.42103	       1.32423	      0.755287
      0.927711	       -1.2824	     -0.399199	        1.2565	       0.68989
      0.933735	      -1.17211	     -0.374697	       1.18258	      0.624708
      0.939759	      -1.05756	     -0.347162	       1.09912	      0.558597
      0.945783	     -0.941171	     -0.317335	       1.00979	      0.493514
      0.951807	     -0.822699	     -0.284918	      0.911408	      0.428335
      0.957831	     -0.704555	     -0.250706	      0.807719	      0.364968
      0.963855	     -0.586509	     -0.214451	      0.695656	      0.302105
      0.969879	     -0.471058	      -0.17699	      0.579333	      0.241787
      0.975904	     -0.360788	     -0.138127	      0.455785	      0.183031
      0.981928	     -0.250003	    -0.0985381	      0.329096	      0.127437
      0.987952	     -0.141354	    -0.0583094	      0.196437	     0.0737155
      0.993976	            -0	            -0	            -0	            -0
