             0	             0	             0	             0	             0
     0.0060241	     0.0942775	    -0.0229624	    -0.0391912	     -0.186712
     0.0120482	       0.15672	    -0.0375525	    -0.0646862	     -0.312611
     0.0180723	      0.216635	    -0.0511628	    -0.0892357	     -0.436023
     0.0240964	      0.274818	    -0.0638608	     -0.113255	     -0.559664
     0.0301205	      0.329019	     -0.075001	     -0.135912	     -0.680137
     0.0361446	      0.380112	    -0.0846854	     -0.157646	     -0.800166
     0.0421687	      0.425932	    -0.0923103	     -0.177646	     -0.916367
     0.0481928	      0.467458	    -0.0980261	     -0.196378	      -1.03147
     0.0542169	      0.502656	     -0.101283	     -0.213059	      -1.14212
      0.060241	       0.53264	     -0.102291	     -0.228189	      -1.25106
     0.0662651	      0.555523	     -0.100565	     -0.241021	      -1.35494
     0.0722892	      0.572577	    -0.0963809	     -0.252089	      -1.45654
     0.0783133	      0.582084	    -0.0893244	     -0.260684	      -1.55252
     0.0843373	      0.585489	    -0.0797453	     -0.267382	      -1.64569
     0.0903614	      0.581249	    -0.0673023	     -0.271514	      -1.73274
     0.0963855	      0.570986	    -0.0524197	     -0.273696	      -1.81649
       0.10241	      0.553333	    -0.0348307	     -0.273304	      -1.89368
      0.108434	      0.530084	     -0.015033	     -0.270994	      -1.96717
      0.114458	      0.500041	    0.00716867	     -0.266183	       -2.0337
      0.120482	      0.465156	     0.0312077	      -0.25957	      -2.09618
      0.126506	      0.424379	     0.0572144	     -0.250611	      -2.15141
       0.13253	      0.379801	     0.0845615	     -0.240042	      -2.20231
      0.138554	      0.330496	      0.113325	     -0.227355	      -2.24573
      0.144578	      0.278662	      0.142829	     -0.213318	      -2.28465
      0.150602	      0.223466	      0.173109	     -0.197453	      -2.31595
      0.156627	      0.167182	      0.203458	     -0.180552	      -2.34264
      0.162651	      0.109031	      0.233889	      -0.16216	      -2.36167
      0.168675	     0.0513264	      0.263681	     -0.143087	       -2.3761
      0.174699	   -0.00669432	      0.292845	     -0.122887	      -2.38292
      0.180723	    -0.0627224	      0.320666	     -0.102382	      -2.38523
      0.186747	     -0.117542	      0.347173	    -0.0811302	      -2.38008
      0.192771	     -0.168886	      0.371678	    -0.0599516	      -2.37063
      0.198795	     -0.217601	      0.394244	     -0.038402	      -2.35395
      0.204819	     -0.261502	      0.414229	     -0.017294	      -2.33325
      0.210843	     -0.301532	      0.431748	    0.00382782	      -2.30566
      0.216867	     -0.335619	      0.446218	     0.0241652	      -2.27444
      0.222892	     -0.364837	      0.457818	     0.0441906	      -2.23674
      0.228916	     -0.387256	      0.466034	     0.0631258	      -2.19587
       0.23494	     -0.404102	      0.471119	     0.0814659	      -2.14903
      0.240964	     -0.413609	      0.472634	     0.0984575	      -2.09955
      0.246988	     -0.417173	       0.47091	      0.114623	      -2.04468
      0.253012	     -0.413203	      0.465588	      0.129236	      -1.98777
      0.259036	     -0.403273	      0.457078	      0.142851	      -1.92609
       0.26506	     -0.385969	      0.445098	      0.154772	      -1.86303
      0.271084	     -0.363041	      0.430135	      0.165584	      -1.79588
      0.277108	     -0.333248	      0.411982	      0.174625	      -1.72804
      0.283133	     -0.298506	      0.391195	      0.182511	      -1.65682
      0.289157	     -0.257729	      0.367636	       0.18861	      -1.58563
      0.295181	     -0.212979	      0.341922	       0.19357	      -1.51177
      0.301205	     -0.163304	       0.31397	      0.196789	      -1.43867
      0.307229	     -0.110884	      0.284449	      0.198941	      -1.36361
      0.313253	    -0.0548735	       0.25332	      0.199449	      -1.29001
      0.319277	    0.00246253	      0.221287	       0.19901	      -1.21516
      0.325301	     0.0619031	      0.188339	      0.197068	      -1.14243
      0.331325	      0.121132	      0.155199	      0.194338	      -1.06909
      0.337349	        0.1809	      0.121868	      0.190279	     -0.998501
      0.343373	      0.238881	     0.0890714	      0.185615	     -0.927892
      0.349398	      0.295836	     0.0568018	      0.179815	     -0.860585
      0.355422	      0.349472	     0.0257699	      0.173609	     -0.793769
      0.361446	      0.400599	   -0.00405637	      0.166467	     -0.730722
       0.36747	      0.446993	    -0.0319997	      0.159118	     -0.668587
      0.373494	      0.489553	    -0.0581337	       0.15103	     -0.610592
      0.379518	      0.526162	    -0.0818299	      0.142925	     -0.553826
      0.385542	      0.557838	     -0.103218	      0.134261	     -0.501464
      0.391566	      0.582598	     -0.121732	       0.12575	     -0.450538
       0.39759	      0.601611	     -0.137571	      0.116838	     -0.404165
      0.403614	      0.613051	     -0.150239	      0.108224	     -0.359317
      0.409639	      0.618253	     -0.160013	     0.0993355	     -0.319053
      0.415663	      0.615566	     -0.166478	     0.0908557	     -0.280287
      0.421687	      0.606504	     -0.169989	     0.0821961	     -0.246019
      0.427711	      0.589593	     -0.170213	     0.0740211	     -0.213106
      0.433735	      0.566529	     -0.167587	     0.0657248	     -0.184491
      0.439759	      0.536016	      -0.16186	     0.0579538	     -0.156978
      0.445783	       0.49992	     -0.153543	     0.0500848	     -0.133461
      0.451807	      0.457112	     -0.142458	     0.0427476	     -0.110694
      0.457831	      0.409613	     -0.129189	      0.035303	    -0.0915264
      0.463855	      0.356439	     -0.113621	     0.0283661	    -0.0726722
       0.46988	      0.299744	    -0.0963941	      0.021284	    -0.0569424
      0.475904	      0.238659	    -0.0774449	     0.0146599	    -0.0410195
      0.481928	       0.17544	    -0.0574579	    0.00783066	    -0.0276865
      0.487952	      0.109302	    -0.0364045	    0.00139095	     -0.013603
      0.493976	     0.0425622	    -0.0149961	   -0.00532864	   -0.00153456
           0.5	    -0.0255179	    0.00677791	    -0.0117375	     0.0118718
      0.506024	     -0.092595	     0.0281973	    -0.0185069	     0.0238575
      0.512048	     -0.159404	     0.0492728	    -0.0250457	     0.0377769
      0.518072	     -0.223618	     0.0692938	    -0.0320221	     0.0508673
      0.524096	     -0.286007	     0.0882894	    -0.0388397	     0.0664735
       0.53012	       -0.3443	      0.105576	     -0.046159	      0.081818
      0.536145	     -0.399342	      0.121219	    -0.0533736	      0.100225
      0.542169	     -0.448954	      0.134579	    -0.0611321	      0.118893
      0.548193	     -0.494091	       0.14577	    -0.0688142	      0.141114
      0.554217	     -0.532699	      0.154213	    -0.0770529	      0.164052
      0.560241	     -0.565872	      0.160086	    -0.0852106	      0.190962
      0.566265	     -0.591707	      0.162877	    -0.0939021	      0.218962
      0.572289	     -0.611459	      0.162839	     -0.102471	      0.251261
      0.578313	     -0.623394	      0.159537	     -0.111512	      0.284927
      0.584337	     -0.628942	      0.153302	     -0.120348	      0.323115
      0.590361	     -0.626548	      0.143779	     -0.129557	      0.362839
      0.596386	     -0.617823	      0.131381	     -0.138441	      0.407197
       0.60241	     -0.601389	      0.115834	      -0.14756	      0.453142
      0.608434	     -0.579034	      0.097628	       -0.1562	      0.503712
      0.614458	     -0.549553	     0.0765647	     -0.164906	      0.555803
      0.620482	     -0.514895	     0.0532078	     -0.172953	       0.61239
      0.626506	     -0.474007	     0.0274252	     -0.180873	      0.670308
       0.63253	     -0.428982	  -0.000156847	     -0.187934	      0.732477
      0.638554	     -0.378895	    -0.0296143	     -0.194663	      0.795672
      0.644578	      -0.32595	    -0.0602717	     -0.200327	      0.862758
      0.650602	      -0.26932	    -0.0921635	     -0.205452	      0.930458
      0.656626	     -0.211289	     -0.124581	     -0.209307	       1.00159
      0.662651	     -0.151089	     -0.157532	     -0.212426	       1.07282
      0.668675	    -0.0910436	     -0.190292	     -0.214089	       1.14692
      0.674699	    -0.0304056	     -0.222862	      -0.21484	       1.22054
      0.680723	     0.0285011	     -0.254518	     -0.213973	        1.2964
      0.686747	     0.0864435	     -0.285272	     -0.212053	       1.37111
      0.692771	      0.141138	     -0.314417	     -0.208394	       1.44737
      0.698795	      0.193411	     -0.341994	     -0.203581	       1.52178
      0.704819	      0.241058	     -0.367332	     -0.196954	       1.59701
      0.710843	      0.285001	     -0.390514	     -0.189128	       1.66965
      0.716867	      0.323146	     -0.410922	     -0.179468	       1.74237
      0.722892	      0.356545	     -0.428696	      -0.16862	       1.81174
      0.728916	      0.383244	     -0.443279	     -0.155982	       1.88045
       0.73494	      0.404445	     -0.454882	      -0.14223	       1.94507
      0.740964	      0.418357	      -0.46302	     -0.126793	        2.0083
      0.746988	      0.426352	      -0.46798	     -0.110382	       2.06674
      0.753012	      0.426813	     -0.469357	    -0.0924567	       2.12309
      0.759036	      0.421287	     -0.467515	    -0.0737577	       2.17398
       0.76506	      0.408336	     -0.462132	    -0.0537768	       2.22216
      0.771084	      0.389684	     -0.453653	    -0.0332813	       2.26427
      0.777108	      0.364066	     -0.441832	    -0.0117895	       2.30309
      0.783133	      0.333371	     -0.427188	    0.00990728	       2.33533
      0.789157	      0.296492	     -0.409549	     0.0322696	       2.36379
      0.795181	      0.255466	     -0.389501	     0.0544881	       2.38521
      0.801205	      0.209321	     -0.366931	     0.0770085	       2.40247
      0.807229	      0.160217	      -0.34248	     0.0990102	       2.41235
      0.813253	      0.107288	     -0.316083	      0.120931	       2.41776
      0.819277	      0.052781	     -0.288421	      0.141948	       2.41554
      0.825301	   -0.00409767	      -0.25946	      0.162498	       2.40865
      0.831325	    -0.0610471	     -0.229905	      0.181763	       2.39399
      0.837349	      -0.11883	     -0.199736	       0.20019	       2.37457
      0.843373	     -0.175132	     -0.169664	      0.216972	       2.34733
      0.849398	     -0.230723	     -0.139665	      0.232574	       2.31534
      0.855422	     -0.283316	     -0.110439	      0.246209	       2.27559
      0.861446	     -0.333729	    -0.0819435	      0.258366	        2.2312
       0.86747	     -0.379741	    -0.0548479	      0.268286	       2.17921
      0.873494	     -0.422253	    -0.0290738	      0.276489	       2.12279
      0.879518	     -0.459147	   -0.00524768	      0.282249	       2.05902
      0.885542	      -0.49144	     0.0167597	      0.286122	        1.9911
      0.891566	     -0.517147	     0.0363789	      0.287421	       1.91617
       0.89759	      -0.53743	     0.0538014	      0.286742	       1.83748
      0.903614	     -0.550457	     0.0685251	      0.283438	       1.75218
      0.909639	     -0.557555	     0.0808124	      0.278147	       1.66358
      0.915663	     -0.557062	      0.090235	      0.270268	       1.56885
      0.921687	     -0.550478	     0.0971316	      0.260482	       1.47132
      0.927711	     -0.536319	       0.10115	      0.248228	       1.36821
      0.933735	     -0.516262	      0.102707	      0.234232	       1.26286
      0.939759	     -0.488995	      0.101524	      0.217973	       1.15253
      0.945783	     -0.456366	     0.0980918	      0.200216	       1.04057
      0.951807	     -0.417225	     0.0922028	      0.180477	      0.924252
      0.957831	     -0.373572	     0.0844113	      0.159555	      0.806959
      0.963855	     -0.324401	     0.0745719	      0.136999	      0.685967
      0.969879	     -0.271839	     0.0632934	      0.113634	      0.564672
      0.975904	        -0.215	     0.0504783	     0.0890323	      0.440361
      0.981928	      -0.15611	     0.0367761	     0.0640386	      0.316438
      0.987952	    -0.0943587	     0.0221234	     0.0382395	      0.190196
      0.993976	            -0	            -0	            -0	            -0
