             0	             0	             0	             0	             0
     0.0060241	      0.149321	     0.0196078	    -0.0483192	     -0.198467
     0.0120482	      0.247999	     0.0424014	    -0.0825513	     -0.330032
     0.0180723	      0.342362	     0.0691274	     -0.117578	     -0.460721
     0.0240964	      0.433781	       0.10074	      -0.15306	     -0.593203
     0.0301205	      0.518847	      0.136775	     -0.187856	     -0.723881
     0.0361446	      0.598934	      0.177249	     -0.222465	      -0.85528
     0.0421687	      0.670865	      0.221573	     -0.255746	     -0.983865
     0.0481928	      0.736294	      0.269648	      -0.28821	      -1.11226
     0.0542169	      0.792149	      0.320773	     -0.318739	      -1.23684
      0.060241	      0.840279	      0.374745	     -0.347875	       -1.3602
     0.0662651	      0.877835	      0.430763	     -0.374537	      -1.47872
     0.0722892	        0.9069	      0.488542	     -0.399307	      -1.59501
     0.0783133	      0.924873	      0.547208	     -0.421151	      -1.70546
     0.0843373	      0.934087	      0.606416	     -0.440702	      -1.81271
     0.0903614	      0.932195	      0.665253	     -0.456977	      -1.91317
     0.0963855	      0.921786	      0.723346	     -0.470665	      -2.00953
       0.10241	      0.900759	      0.779771	     -0.480843	      -2.09825
      0.108434	      0.871948	      0.834162	     -0.488256	      -2.18204
      0.114458	      0.833485	      0.885618	      -0.49204	      -2.25744
      0.120482	      0.788423	      0.933814	     -0.492999	      -2.32722
      0.126506	      0.735098	      0.977905	     -0.490328	      -2.38797
       0.13253	      0.676748	       1.01763	     -0.484888	      -2.44254
      0.138554	      0.611876	       1.05224	     -0.475927	       -2.4876
      0.144578	      0.543863	       1.08158	      -0.46436	      -2.52608
      0.150602	      0.471332	       1.10499	     -0.449484	      -2.55473
      0.156627	      0.397754	       1.12243	     -0.432261	      -2.57657
      0.162651	       0.32182	       1.13339	      -0.41203	      -2.58845
      0.168675	      0.247039	       1.13796	      -0.38979	      -2.59349
      0.174699	       0.17211	       1.13577	     -0.364917	      -2.58861
      0.180723	      0.100523	       1.12705	     -0.338436	      -2.57705
      0.186747	     0.0309274	       1.11157	     -0.309747	      -2.55584
      0.192771	    -0.0332625	       1.08972	     -0.279894	      -2.52829
      0.198795	    -0.0935023	        1.0614	     -0.248286	      -2.49155
      0.204819	     -0.146508	       1.02714	     -0.215976	      -2.44901
      0.210843	     -0.193888	      0.986986	     -0.182374	       -2.3979
      0.216867	     -0.232536	      0.941595	     -0.148529	      -2.34172
      0.222892	     -0.264259	      0.891131	     -0.113839	      -2.27778
      0.228916	      -0.28616	      0.836363	      -0.07934	      -2.20964
       0.23494	     -0.300276	      0.777559	    -0.0444123	      -2.13468
      0.240964	      -0.30395	      0.715578	    -0.0100669	      -2.05652
      0.246988	     -0.299466	      0.650761	     0.0243408	      -1.97259
      0.253012	      -0.28442	      0.584031	     0.0578294	      -1.88656
      0.259036	     -0.261351	      0.515778	     0.0910748	      -1.79588
       0.26506	     -0.228109	      0.446954	      0.123129	      -1.70424
      0.271084	     -0.187478	      0.377965	      0.154703	      -1.60913
      0.277108	     -0.137552	      0.309761	      0.184883	      -1.51422
      0.283133	    -0.0813438	      0.242732	      0.214416	        -1.417
      0.289157	    -0.0171611	      0.177794	      0.242423	      -1.32115
      0.295181	      0.051783	      0.115285	      0.269685	       -1.2241
      0.301205	      0.127002	     0.0560581	      0.295358	      -1.12952
      0.307229	      0.205125	   0.000372836	      0.320252	      -1.03482
      0.313253	      0.287532	    -0.0510109	      0.343554	     -0.943607
      0.319277	      0.370742	    -0.0979383	      0.366101	     -0.853229
      0.325301	      0.456055	     -0.139765	      0.387105	     -0.767243
      0.331325	      0.539937	     -0.176461	      0.407426	     -0.682934
      0.337349	      0.623661	     -0.207513	      0.426293	     -0.603785
      0.343373	      0.703696	     -0.233032	      0.444583	     -0.527003
      0.349398	       0.78135	     -0.252648	      0.461539	      -0.45599
      0.355422	      0.853154	     -0.266615	      0.478045	     -0.387869
      0.361446	      0.920503	     -0.274711	      0.493348	     -0.325952
       0.36747	      0.980046	     -0.277335	      0.508336	      -0.26727
      0.373494	       1.03332	     -0.274405	      0.522252	     -0.215044
      0.379518	       1.07714	     -0.266458	      0.535977	     -0.166212
      0.385542	       1.11322	     -0.253544	      0.548742	       -0.1239
      0.391566	        1.1386	     -0.236319	      0.561415	    -0.0849537
       0.39759	        1.1552	     -0.214945	       0.57321	    -0.0524095
      0.403614	        1.1603	     -0.190181	       0.58497	    -0.0230249
      0.409639	       1.15609	     -0.162275	      0.595888	    0.00024749
      0.415663	       1.14007	     -0.132061	      0.606781	       0.02073
      0.421687	        1.1147	    -0.0998469	      0.616812	     0.0355445
      0.427711	       1.07776	    -0.0665119	      0.626772	     0.0480818
      0.433735	       1.03196	    -0.0323942	      0.635796	      0.055526
      0.439759	       0.97532	    0.00161463	      0.644646	     0.0613231
      0.445783	      0.910801	     0.0351787	      0.652432	     0.0627054
      0.451807	       0.83666	     0.0674247	      0.659891	     0.0631593
      0.457831	      0.756071	     0.0980508	      0.666113	     0.0599501
      0.463855	      0.667491	      0.126233	      0.671818	     0.0565893
       0.46988	      0.574271	      0.151732	      0.676079	     0.0503595
      0.475904	      0.475025	      0.173802	      0.679606	      0.044782
      0.481928	      0.373233	      0.192293	      0.681464	     0.0371416
      0.487952	      0.267614	      0.206559	       0.68236	     0.0309543
      0.493976	      0.161724	      0.216563	      0.681359	     0.0234925
           0.5	     0.0543299	      0.221778	      0.679172	     0.0182533
      0.506024	     -0.050993	      0.222294	      0.674873	      0.012483
      0.512048	     -0.155491	      0.217717	      0.669183	    0.00964684
      0.518072	     -0.255629	      0.208273	      0.661191	    0.00695365
      0.524096	     -0.352721	      0.193705	      0.651635	    0.00782543
       0.53012	     -0.443329	      0.174379	      0.639628	    0.00942313
      0.536145	     -0.528893	      0.150175	      0.625934	     0.0151165
      0.542169	      -0.60612	      0.121592	      0.609693	     0.0220104
      0.548193	     -0.676621	     0.0886404	      0.591701	     0.0334153
      0.554217	     -0.737297	     0.0519387	      0.571132	     0.0463742
      0.560241	     -0.789967	     0.0116108	      0.548821	     0.0641339
      0.566265	     -0.831758	    -0.0316203	      0.523982	     0.0836722
      0.572289	     -0.864729	    -0.0775389	      0.497492	       0.10817
      0.578313	     -0.886251	     -0.125342	      0.468608	       0.13454
      0.584337	     -0.898638	     -0.174747	      0.438254	      0.165899
      0.590361	     -0.899521	     -0.224899	      0.405731	      0.199094
      0.596386	      -0.89147	     -0.275479	      0.372009	      0.237181
       0.60241	      -0.87237	     -0.325608	      0.336436	      0.276949
      0.608434	     -0.845038	      -0.37496	      0.300021	      0.321398
      0.614458	       -0.8076	     -0.422667	      0.262154	      0.367263
      0.620482	     -0.763097	     -0.468426	      0.223884	      0.417494
      0.626506	     -0.709866	     -0.511409	      0.184633	      0.468784
       0.63253	     -0.651142	     -0.551365	      0.145478	      0.524042
      0.638554	     -0.585432	     -0.587534	      0.105868	      0.579924
      0.644578	     -0.516121	     -0.619747	     0.0668986	      0.639308
      0.650602	     -0.441842	     -0.647334	     0.0280299	      0.698824
      0.656626	     -0.366078	     -0.670229	   -0.00963447	      0.761327
      0.662651	     -0.287532	     -0.687875	    -0.0466334	      0.823428
      0.668675	     -0.209733	     -0.700326	    -0.0818692	      0.887969
      0.674699	     -0.131396	     -0.707149	     -0.115893	      0.951552
      0.680723	    -0.0560338	     -0.708531	     -0.147624	       1.01701
      0.686747	     0.0176819	     -0.704171	     -0.177639	       1.08095
      0.692771	     0.0863109	     -0.694391	     -0.204886	        1.1462
      0.698795	      0.151282	     -0.679027	     -0.229977	       1.20937
      0.704819	      0.209281	      -0.65853	     -0.251901	        1.2733
      0.710843	      0.261888	     -0.632864	     -0.271312	        1.3346
      0.716867	      0.305963	     -0.602606	     -0.287251	       1.39612
      0.722892	       0.34328	     -0.567834	     -0.300423	       1.45449
      0.728916	       0.37091	     -0.529231	     -0.309924	       1.51257
       0.73494	      0.390854	     -0.486974	     -0.316518	         1.567
      0.740964	      0.400422	     -0.441832	     -0.319361	       1.62066
      0.746988	      0.401863	     -0.394056	     -0.319279	       1.67022
      0.753012	      0.392741	     -0.344474	      -0.31549	       1.71857
      0.759036	      0.375559	     -0.293383	     -0.308882	       1.76239
       0.76506	      0.348136	     -0.241645	     -0.298737	       1.80461
      0.771084	      0.313225	     -0.189572	     -0.286005	       1.84192
      0.777108	      0.268887	     -0.138025	     -0.270027	       1.87726
      0.783133	      0.218109	    -0.0873018	     -0.251812	       1.90736
      0.789157	      0.159167	    -0.0382324	     -0.230756	       1.93518
      0.795181	     0.0952484	    0.00893138	      -0.20792	       1.95745
      0.801205	     0.0248133	     0.0534213	     -0.182749	       1.97717
      0.807229	    -0.0487919	     0.0950602	     -0.156347	       1.99108
      0.813253	      -0.12697	      0.133168	     -0.128195	       2.00218
      0.819277	     -0.206265	      0.167666	    -0.0994318	       2.00725
      0.825301	     -0.287994	      0.197983	    -0.0695629	       2.00929
      0.831325	     -0.368642	       0.22416	     -0.039744	        2.0051
      0.837349	     -0.449502	       0.24575	   -0.00949306	       1.99769
      0.843373	     -0.527059	      0.262923	     0.0200313	       1.98387
      0.849398	     -0.602633	      0.275365	     0.0493152	       1.96666
      0.855422	     -0.672769	       0.28338	     0.0772118	        1.9429
      0.861446	     -0.738873	      0.286787	      0.104226	       1.91562
       0.86747	     -0.797603	      0.286019	      0.129237	       1.88166
      0.873494	     -0.850503	      0.281023	       0.15278	        1.8441
      0.879518	      -0.89439	      0.272351	      0.173773	       1.79978
      0.885542	     -0.930991	      0.260062	      0.192795	       1.75181
      0.891566	     -0.957325	      0.244811	      0.208808	       1.69705
       0.89759	     -0.975336	      0.226749	      0.222444	       1.63864
      0.903614	     -0.982275	      0.206615	       0.23272	       1.57348
      0.909639	     -0.980328	       0.18463	      0.240324	       1.50472
      0.915663	     -0.966994	      0.161587	      0.244334	        1.4293
      0.921687	     -0.944715	       0.13775	      0.245498	       1.35042
      0.927711	     -0.911247	      0.113945	       0.24296	       1.26505
      0.933735	     -0.869283	     0.0904475	      0.237533	       1.17642
      0.939759	     -0.816827	     0.0680832	      0.228425	       1.08156
      0.945783	     -0.756812	     0.0471154	      0.216516	      0.983741
      0.951807	     -0.687471	     0.0283396	      0.201081	      0.880033
      0.957831	     -0.611949	     0.0119762	      0.183064	      0.773761
      0.963855	     -0.528673	   -0.00123594	      0.161804	      0.662039
      0.969879	      -0.44094	    -0.0111447	      0.138308	      0.548221
      0.975904	     -0.347261	    -0.0170849	      0.111974	      0.429403
      0.981928	     -0.251172	    -0.0189917	     0.0838695	      0.309103
      0.987952	     -0.151356	    -0.0163114	     0.0534396	      0.184541
      0.993976	            -0	            -0	            -0	            -0
